{
    "w": 1080,
    "h": 1920,
    "fl_x": 1675.5547634533052,
    "fl_y": 1674.0473083843794,
    "cx": 539.7999265370543,
    "cy": 969.1257759885149,
    "k1": 0.0317958745727084,
    "k2": -0.04543297709929891,
    "p1": 0.004157041239919594,
    "p2": -0.002109977869081599,
    "camera_model": "OPENCV",
    "frames": [
        {
            "file_path": "images/frame_00358.png",
            "transform_matrix": [
                [
                    0.8826791995384594,
                    0.27632420015678383,
                    -0.38016097525897896,
                    -4.0878483672747885
                ],
                [
                    -0.21700566430149004,
                    -0.4778725220317778,
                    -0.8512029102088745,
                    1.4660684848065597
                ],
                [
                    -0.41687644735966245,
                    0.8338361884055535,
                    -0.36184421861083377,
                    -2.0380084439454653
                ],
                [
                    0.0,
                    0.0,
                    0.0,
                    1.0
                ]
            ],
            "colmap_im_id": 358
        },
        {
            "file_path": "images/frame_00357.png",
            "transform_matrix": [
                [
                    0.8834273252015392,
                    0.2749982219657697,
                    -0.37938389396878575,
                    -4.094138384732832
                ],
                [
                    -0.2167046348883283,
                    -0.4780874239783684,
                    -0.8511589253785948,
                    1.4815922901009262
                ],
                [
                    -0.41544585965582803,
                    0.8341513009936464,
                    -0.36276210489167277,
                    -2.031115051469892
                ],
                [
                    0.0,
                    0.0,
                    0.0,
                    1.0
                ]
            ],
            "colmap_im_id": 357
        },
        {
            "file_path": "images/frame_00356.png",
            "transform_matrix": [
                [
                    0.8839556328137762,
                    0.27269554824055,
                    -0.37981518819892246,
                    -4.1073381304862835
                ],
                [
                    -0.21786562620400293,
                    -0.4785288512524524,
                    -0.8506143117992706,
                    1.5015453857881114
                ],
                [
                    -0.4137112617944243,
                    0.8346539860857282,
                    -0.36358728714803984,
                    -2.0222828073473083
                ],
                [
                    0.0,
                    0.0,
                    0.0,
                    1.0
                ]
            ],
            "colmap_im_id": 356
        },
        {
            "file_path": "images/frame_00355.png",
            "transform_matrix": [
                [
                    0.8847040892520777,
                    0.2683778522885083,
                    -0.38114564520883537,
                    -4.11417056057827
                ],
                [
                    -0.21973482943308434,
                    -0.4810053914155171,
                    -0.8487345981891032,
                    1.5199357570880885
                ],
                [
                    -0.4111146788849373,
                    0.8346299430467448,
                    -0.3665754751413714,
                    -2.0159752429548043
                ],
                [
                    0.0,
                    0.0,
                    0.0,
                    1.0
                ]
            ],
            "colmap_im_id": 355
        },
        {
            "file_path": "images/frame_00354.png",
            "transform_matrix": [
                [
                    0.8850714259984656,
                    0.2644938403183304,
                    -0.38300336723677075,
                    -4.119785899205399
                ],
                [
                    -0.2225476841145644,
                    -0.48223711251123763,
                    -0.8473015375957181,
                    1.5233422863670063
                ],
                [
                    -0.4088044754846591,
                    0.8351588925171579,
                    -0.36795179721429183,
                    -2.001919681310224
                ],
                [
                    0.0,
                    0.0,
                    0.0,
                    1.0
                ]
            ],
            "colmap_im_id": 354
        },
        {
            "file_path": "images/frame_00353.png",
            "transform_matrix": [
                [
                    0.8857620115075637,
                    0.2580815188214423,
                    -0.38577142016081445,
                    -4.103977955897861
                ],
                [
                    -0.22808321205053086,
                    -0.4818446311953198,
                    -0.8460518895250798,
                    1.509272701137997
                ],
                [
                    -0.4042322443234665,
                    0.8373886081330837,
                    -0.3679356079780122,
                    -1.998055089457035
                ],
                [
                    0.0,
                    0.0,
                    0.0,
                    1.0
                ]
            ],
            "colmap_im_id": 353
        },
        {
            "file_path": "images/frame_00352.png",
            "transform_matrix": [
                [
                    0.8879299632808558,
                    0.24420047525975147,
                    -0.3898031659581148,
                    -4.069935728536477
                ],
                [
                    -0.23770513923288106,
                    -0.4819033789357142,
                    -0.8433655198978782,
                    1.4982512156955272
                ],
                [
                    -0.39379772357180354,
                    0.8415077309527542,
                    -0.36984874159095416,
                    -1.9925520395520198
                ],
                [
                    0.0,
                    0.0,
                    0.0,
                    1.0
                ]
            ],
            "colmap_im_id": 352
        },
        {
            "file_path": "images/frame_00351.png",
            "transform_matrix": [
                [
                    0.891216603403575,
                    0.23225826260115953,
                    -0.3896011617940658,
                    -4.0302703568558735
                ],
                [
                    -0.24265052248086916,
                    -0.48156680365721205,
                    -0.8421485246410737,
                    1.4855569854853368
                ],
                [
                    -0.38321493937157014,
                    0.8450736731604337,
                    -0.37282274229662654,
                    -1.9838864170063988
                ],
                [
                    0.0,
                    0.0,
                    0.0,
                    1.0
                ]
            ],
            "colmap_im_id": 351
        },
        {
            "file_path": "images/frame_00350.png",
            "transform_matrix": [
                [
                    0.8992714588545364,
                    0.2063651380691437,
                    -0.3856478614997585,
                    -3.9596679592759965
                ],
                [
                    -0.2506454211933467,
                    -0.47943877711335914,
                    -0.8410204110691111,
                    1.4665217441673477
                ],
                [
                    -0.3584518323630715,
                    0.8529665226664818,
                    -0.37942113157520174,
                    -2.001956280990517
                ],
                [
                    0.0,
                    0.0,
                    0.0,
                    1.0
                ]
            ],
            "colmap_im_id": 350
        },
        {
            "file_path": "images/frame_00349.png",
            "transform_matrix": [
                [
                    0.9079116653722096,
                    0.1805578248259798,
                    -0.37827936736646267,
                    -3.8931858681042395
                ],
                [
                    -0.2567319931101113,
                    -0.47384142997173506,
                    -0.8423556154950537,
                    1.4591881409324394
                ],
                [
                    -0.3313383340254643,
                    0.861900905636171,
                    -0.3838511915687871,
                    -2.058946601788984
                ],
                [
                    0.0,
                    0.0,
                    0.0,
                    1.0
                ]
            ],
            "colmap_im_id": 349
        },
        {
            "file_path": "images/frame_00348.png",
            "transform_matrix": [
                [
                    0.9182708019452731,
                    0.1516254339445401,
                    -0.3657710514460032,
                    -3.8274520610128704
                ],
                [
                    -0.2596927350164381,
                    -0.4667049155030034,
                    -0.8454266409482354,
                    1.4535064040888757
                ],
                [
                    -0.2988953289606027,
                    0.8713186843092855,
                    -0.38918547339163195,
                    -2.071479832370159
                ],
                [
                    0.0,
                    0.0,
                    0.0,
                    1.0
                ]
            ],
            "colmap_im_id": 348
        },
        {
            "file_path": "images/frame_00347.png",
            "transform_matrix": [
                [
                    0.9265967056097629,
                    0.12972438800409422,
                    -0.35297326854890515,
                    -3.7620994160818957
                ],
                [
                    -0.2590837608190925,
                    -0.4601046003139256,
                    -0.8492227985928062,
                    1.4331789278097011
                ],
                [
                    -0.2725695324737699,
                    0.8783366893890554,
                    -0.39272192457272415,
                    -2.0449727757476386
                ],
                [
                    0.0,
                    0.0,
                    0.0,
                    1.0
                ]
            ],
            "colmap_im_id": 347
        },
        {
            "file_path": "images/frame_00346.png",
            "transform_matrix": [
                [
                    0.9388507752419696,
                    0.10227815346687712,
                    -0.3287832130005405,
                    -3.642822486174868
                ],
                [
                    -0.2507175282768682,
                    -0.45142590411491396,
                    -0.8563617075212848,
                    1.3997569268485683
                ],
                [
                    -0.23600835333159428,
                    0.8864275674963175,
                    -0.39817863420865635,
                    -2.02950675614456
                ],
                [
                    0.0,
                    0.0,
                    0.0,
                    1.0
                ]
            ],
            "colmap_im_id": 346
        },
        {
            "file_path": "images/frame_00345.png",
            "transform_matrix": [
                [
                    0.9512250114942534,
                    0.08044276554719111,
                    -0.2978253497922519,
                    -3.4844568934765863
                ],
                [
                    -0.23389365727039374,
                    -0.44144493937561236,
                    -0.8662679277154047,
                    1.3822252869991472
                ],
                [
                    -0.20115848129382255,
                    0.893675179788933,
                    -0.4010984148968696,
                    -2.051762485967655
                ],
                [
                    0.0,
                    0.0,
                    0.0,
                    1.0
                ]
            ],
            "colmap_im_id": 345
        },
        {
            "file_path": "images/frame_00344.png",
            "transform_matrix": [
                [
                    0.9626679583378775,
                    0.061982392650330474,
                    -0.26349304543179636,
                    -3.293317526130146
                ],
                [
                    -0.21171981298411902,
                    -0.43410302444679555,
                    -0.8756307926038888,
                    1.383468758129745
                ],
                [
                    -0.16865681954653403,
                    0.898728405675199,
                    -0.40477417167225826,
                    -2.119035814219077
                ],
                [
                    0.0,
                    0.0,
                    0.0,
                    1.0
                ]
            ],
            "colmap_im_id": 344
        },
        {
            "file_path": "images/frame_00343.png",
            "transform_matrix": [
                [
                    0.9703468621673791,
                    0.04983765239935822,
                    -0.23652309714960626,
                    -3.141026457914059
                ],
                [
                    -0.19276468061542815,
                    -0.43082863764583734,
                    -0.8816056164132938,
                    1.3791932782271932
                ],
                [
                    -0.14583807798086657,
                    0.9010565428359936,
                    -0.4084462775241001,
                    -2.1852884945714117
                ],
                [
                    0.0,
                    0.0,
                    0.0,
                    1.0
                ]
            ],
            "colmap_im_id": 343
        },
        {
            "file_path": "images/frame_00342.png",
            "transform_matrix": [
                [
                    0.9838646855712128,
                    0.021823221462121494,
                    -0.17757822921426386,
                    -2.7713285103922787
                ],
                [
                    -0.1511991687848753,
                    -0.4292090729999351,
                    -0.890459647043761,
                    1.354239417421814
                ],
                [
                    -0.0956508852265427,
                    0.9029414813040498,
                    -0.41898399670611186,
                    -2.304357352331082
                ],
                [
                    0.0,
                    0.0,
                    0.0,
                    1.0
                ]
            ],
            "colmap_im_id": 342
        },
        {
            "file_path": "images/frame_00341.png",
            "transform_matrix": [
                [
                    0.9867175539661711,
                    0.013641113268640424,
                    -0.16187151918669407,
                    -2.681216588710482
                ],
                [
                    -0.14036865806237317,
                    -0.4299480421164308,
                    -0.891875171150098,
                    1.3417058495266294
                ],
                [
                    -0.08176251297987792,
                    0.9027505752471386,
                    -0.4223224956856731,
                    -2.313147179396773
                ],
                [
                    0.0,
                    0.0,
                    0.0,
                    1.0
                ]
            ],
            "colmap_im_id": 341
        },
        {
            "file_path": "images/frame_00340.png",
            "transform_matrix": [
                [
                    0.9902010082882281,
                    -0.00335405315950757,
                    -0.1396091455184067,
                    -2.5251314458851626
                ],
                [
                    -0.12739540927956286,
                    -0.431207734129186,
                    -0.893213468170776,
                    1.3239688579518778
                ],
                [
                    -0.057204657847671106,
                    0.902246441031815,
                    -0.427409624091403,
                    -2.3006505530240506
                ],
                [
                    0.0,
                    0.0,
                    0.0,
                    1.0
                ]
            ],
            "colmap_im_id": 340
        },
        {
            "file_path": "images/frame_00339.png",
            "transform_matrix": [
                [
                    0.9930903196827361,
                    -0.024430662278302682,
                    -0.11478135603435209,
                    -2.3337951582485283
                ],
                [
                    -0.11385222339258856,
                    -0.4376802686178623,
                    -0.8918932972565496,
                    1.2879852782550048
                ],
                [
                    -0.028447990807881157,
                    0.8987987122839236,
                    -0.43743752309987677,
                    -2.252491489299449
                ],
                [
                    0.0,
                    0.0,
                    0.0,
                    1.0
                ]
            ],
            "colmap_im_id": 339
        },
        {
            "file_path": "images/frame_00338.png",
            "transform_matrix": [
                [
                    0.99411130914864,
                    -0.035793221880543555,
                    -0.10228172021523385,
                    -2.2295035091909408
                ],
                [
                    -0.1075742311731896,
                    -0.43969976415111106,
                    -0.8916792597077463,
                    1.2552064272381684
                ],
                [
                    -0.013057174666610123,
                    0.8974313136239827,
                    -0.44096093649762014,
                    -2.199408881898648
                ],
                [
                    0.0,
                    0.0,
                    0.0,
                    1.0
                ]
            ],
            "colmap_im_id": 338
        },
        {
            "file_path": "images/frame_00337.png",
            "transform_matrix": [
                [
                    0.9949565307389764,
                    -0.0492858520466727,
                    -0.08736364648922001,
                    -2.0857562852127662
                ],
                [
                    -0.10016644766711574,
                    -0.4420893637697112,
                    -0.8913605764242902,
                    1.2099164892838965
                ],
                [
                    0.005308926596863185,
                    0.8956159328806771,
                    -0.44479648837267555,
                    -2.130374093224124
                ],
                [
                    0.0,
                    0.0,
                    0.0,
                    1.0
                ]
            ],
            "colmap_im_id": 337
        },
        {
            "file_path": "images/frame_00336.png",
            "transform_matrix": [
                [
                    0.9956004706086105,
                    -0.06217347915508068,
                    -0.0701010799750342,
                    -1.8822154906072848
                ],
                [
                    -0.09060341532129493,
                    -0.4480383300172799,
                    -0.8894114210911864,
                    1.1903491211634845
                ],
                [
                    0.023889831645081416,
                    0.8918498266665075,
                    -0.45170030176975745,
                    -2.066598320861246
                ],
                [
                    0.0,
                    0.0,
                    0.0,
                    1.0
                ]
            ],
            "colmap_im_id": 336
        },
        {
            "file_path": "images/frame_00335.png",
            "transform_matrix": [
                [
                    0.9957540360123199,
                    -0.07080717657567079,
                    -0.058823834544826606,
                    -1.6727157041381386
                ],
                [
                    -0.08458996099322877,
                    -0.4517676039971124,
                    -0.8881163045895913,
                    1.214418866505319
                ],
                [
                    0.03631030520856852,
                    0.8893213006130516,
                    -0.4558389913243168,
                    -2.0406102702685267
                ],
                [
                    0.0,
                    0.0,
                    0.0,
                    1.0
                ]
            ],
            "colmap_im_id": 335
        },
        {
            "file_path": "images/frame_00334.png",
            "transform_matrix": [
                [
                    0.9957564517324899,
                    -0.07908659095877557,
                    -0.04705741135719787,
                    -1.4045582225989393
                ],
                [
                    -0.07786862411939692,
                    -0.4515510555044248,
                    -0.8888408865767776,
                    1.2455580399270345
                ],
                [
                    0.04904657185648443,
                    0.8887333432494582,
                    -0.4557932408294,
                    -2.0815595530905497
                ],
                [
                    0.0,
                    0.0,
                    0.0,
                    1.0
                ]
            ],
            "colmap_im_id": 334
        },
        {
            "file_path": "images/frame_00333.png",
            "transform_matrix": [
                [
                    0.9957118636574467,
                    -0.08527144474182297,
                    -0.03587011685869784,
                    -1.1912313928580012
                ],
                [
                    -0.07081020383452546,
                    -0.45301552782868143,
                    -0.8886860224955796,
                    1.2757424351056867
                ],
                [
                    0.059529821138042734,
                    0.8874151859517297,
                    -0.45711102386349134,
                    -2.133057803701028
                ],
                [
                    0.0,
                    0.0,
                    0.0,
                    1.0
                ]
            ],
            "colmap_im_id": 333
        },
        {
            "file_path": "images/frame_00332.png",
            "transform_matrix": [
                [
                    0.9954297486060758,
                    -0.09493849946595882,
                    -0.010310039243221407,
                    -0.8484121077918895
                ],
                [
                    -0.052788761103051814,
                    -0.4570707014705792,
                    -0.8878624446153794,
                    1.320614881552167
                ],
                [
                    0.07957991135487369,
                    0.8843489442388366,
                    -0.4599934592278522,
                    -2.1665941680462555
                ],
                [
                    0.0,
                    0.0,
                    0.0,
                    1.0
                ]
            ],
            "colmap_im_id": 332
        },
        {
            "file_path": "images/frame_00331.png",
            "transform_matrix": [
                [
                    0.9950209786423051,
                    -0.09961548363133034,
                    0.0031634605427702214,
                    -0.684577206573689
                ],
                [
                    -0.043055535772095366,
                    -0.45825812520015,
                    -0.8877757101472317,
                    1.3312101383465664
                ],
                [
                    0.08988588821993876,
                    0.8832192514370029,
                    -0.46026544622638454,
                    -2.1707215591481046
                ],
                [
                    0.0,
                    0.0,
                    0.0,
                    1.0
                ]
            ],
            "colmap_im_id": 331
        },
        {
            "file_path": "images/frame_00330.png",
            "transform_matrix": [
                [
                    0.9941898247567789,
                    -0.10546731297997163,
                    0.021522970121942927,
                    -0.489826867818176
                ],
                [
                    -0.029950900537716832,
                    -0.46310009533059315,
                    -0.8857997771854401,
                    1.3263544320307739
                ],
                [
                    0.10339021185327522,
                    0.8800084929121879,
                    -0.46356824362261334,
                    -2.157171856087621
                ],
                [
                    0.0,
                    0.0,
                    0.0,
                    1.0
                ]
            ],
            "colmap_im_id": 330
        },
        {
            "file_path": "images/frame_00329.png",
            "transform_matrix": [
                [
                    0.9936526226888339,
                    -0.10800310240775404,
                    0.03146101228349174,
                    -0.41523085617205446
                ],
                [
                    -0.02247934812900084,
                    -0.46467083547723753,
                    -0.8851981097836694,
                    1.3019215969475706
                ],
                [
                    0.11022315696484569,
                    0.8788722003381301,
                    -0.4641492336970047,
                    -2.131203835504813
                ],
                [
                    0.0,
                    0.0,
                    0.0,
                    1.0
                ]
            ],
            "colmap_im_id": 329
        },
        {
            "file_path": "images/frame_00328.png",
            "transform_matrix": [
                [
                    0.9924693915335092,
                    -0.1126535821680606,
                    0.048100699514769786,
                    -0.3383200825280307
                ],
                [
                    -0.010032023599375894,
                    -0.46611547876153464,
                    -0.8846670102142425,
                    1.2556675058390305
                ],
                [
                    0.1220813883096343,
                    0.8775223819844195,
                    -0.46373548898567485,
                    -2.099744187299362
                ],
                [
                    0.0,
                    0.0,
                    0.0,
                    1.0
                ]
            ],
            "colmap_im_id": 328
        },
        {
            "file_path": "images/frame_00327.png",
            "transform_matrix": [
                [
                    0.9917401162345718,
                    -0.11564985074000626,
                    0.05546759301477074,
                    -0.30536310115787246
                ],
                [
                    -0.004839276169863578,
                    -0.4658800113287752,
                    -0.884834671817539,
                    1.2278603693063843
                ],
                [
                    0.1281722405873821,
                    0.8772576172756296,
                    -0.4625915581532975,
                    -2.0899288743043005
                ],
                [
                    0.0,
                    0.0,
                    0.0,
                    1.0
                ]
            ],
            "colmap_im_id": 327
        },
        {
            "file_path": "images/frame_00326.png",
            "transform_matrix": [
                [
                    0.9904470393676423,
                    -0.12095664806093274,
                    0.06621292545822008,
                    -0.18917252335005316
                ],
                [
                    0.002220743543428605,
                    -0.46611982681821207,
                    -0.8847188114565407,
                    1.2123645582833213
                ],
                [
                    0.13787577925794825,
                    0.8764141694066931,
                    -0.46139838876744016,
                    -2.082583802532728
                ],
                [
                    0.0,
                    0.0,
                    0.0,
                    1.0
                ]
            ],
            "colmap_im_id": 326
        },
        {
            "file_path": "images/frame_00325.png",
            "transform_matrix": [
                [
                    0.9895942437181994,
                    -0.12389537932295226,
                    0.07316534550063421,
                    -0.0645988029845249
                ],
                [
                    0.007091891866960938,
                    -0.46587783914295505,
                    -0.8848206281870007,
                    1.2165711725491697
                ],
                [
                    0.14371130042398453,
                    0.8761322810956761,
                    -0.4601513752587669,
                    -2.0822403715651925
                ],
                [
                    0.0,
                    0.0,
                    0.0,
                    1.0
                ]
            ],
            "colmap_im_id": 325
        },
        {
            "file_path": "images/frame_00324.png",
            "transform_matrix": [
                [
                    0.9883413012275594,
                    -0.129261688063838,
                    0.08045426207915778,
                    0.1798975710811877
                ],
                [
                    0.011058107749349138,
                    -0.4660816265038632,
                    -0.8846726149760246,
                    1.2364989812211573
                ],
                [
                    0.1518525289246727,
                    0.8752481553447573,
                    -0.45921833154261277,
                    -2.1046682568823143
                ],
                [
                    0.0,
                    0.0,
                    0.0,
                    1.0
                ]
            ],
            "colmap_im_id": 324
        },
        {
            "file_path": "images/frame_00323.png",
            "transform_matrix": [
                [
                    0.9869264967281902,
                    -0.1343105117120574,
                    0.08908858793059189,
                    0.4367785385832979
                ],
                [
                    0.01688164121443189,
                    -0.4635714901420079,
                    -0.8858986870502887,
                    1.2320124619473791
                ],
                [
                    0.16028443544439583,
                    0.8758208492443895,
                    -0.4552436048788689,
                    -2.118045271359718
                ],
                [
                    0.0,
                    0.0,
                    0.0,
                    1.0
                ]
            ],
            "colmap_im_id": 323
        },
        {
            "file_path": "images/frame_00322.png",
            "transform_matrix": [
                [
                    0.9849995407377952,
                    -0.13894514748485481,
                    0.10232375450864106,
                    0.6695055156065942
                ],
                [
                    0.02702864001626317,
                    -0.4614323213200785,
                    -0.8867635905132975,
                    1.2323342887007653
                ],
                [
                    0.17042698543717763,
                    0.8762274013243225,
                    -0.4507551262084774,
                    -2.153105611511275
                ],
                [
                    0.0,
                    0.0,
                    0.0,
                    1.0
                ]
            ],
            "colmap_im_id": 322
        },
        {
            "file_path": "images/frame_00321.png",
            "transform_matrix": [
                [
                    0.980889046611174,
                    -0.14570734267147611,
                    0.1289420355424837,
                    0.8683810134288517
                ],
                [
                    0.048949242217567836,
                    -0.4565934931137232,
                    -0.8883278413584338,
                    1.2614552518269688
                ],
                [
                    0.18830998360296236,
                    0.8776626643180316,
                    -0.4407352921398814,
                    -2.1528315507826576
                ],
                [
                    0.0,
                    0.0,
                    0.0,
                    1.0
                ]
            ],
            "colmap_im_id": 321
        },
        {
            "file_path": "images/frame_00320.png",
            "transform_matrix": [
                [
                    0.9777724549923127,
                    -0.15196428463047115,
                    0.14445719938810656,
                    0.9818769064902967
                ],
                [
                    0.06130641181704409,
                    -0.45165443374223213,
                    -0.8900841512750931,
                    1.3055386834099862
                ],
                [
                    0.20050573589906356,
                    0.8791559182976207,
                    -0.43229887947326684,
                    -2.1142724968431383
                ],
                [
                    0.0,
                    0.0,
                    0.0,
                    1.0
                ]
            ],
            "colmap_im_id": 320
        },
        {
            "file_path": "images/frame_00319.png",
            "transform_matrix": [
                [
                    0.9747664129236189,
                    -0.15947823877720074,
                    0.15619581169974708,
                    1.0382793643805497
                ],
                [
                    0.06988363662628655,
                    -0.4465306763809429,
                    -0.8920351071469457,
                    1.3337548360281701
                ],
                [
                    0.21200640926138498,
                    0.8804413929429371,
                    -0.42411818638770293,
                    -2.0737247802958563
                ],
                [
                    0.0,
                    0.0,
                    0.0,
                    1.0
                ]
            ],
            "colmap_im_id": 319
        },
        {
            "file_path": "images/frame_00318.png",
            "transform_matrix": [
                [
                    0.972490734255718,
                    -0.1664287682573865,
                    0.16298232076855468,
                    1.055378768375265
                ],
                [
                    0.07453778949988106,
                    -0.4405544384369901,
                    -0.8946261256580538,
                    1.3262835077002866
                ],
                [
                    0.2206941089454957,
                    0.8821639597431974,
                    -0.41602987682011044,
                    -2.0542371599825127
                ],
                [
                    0.0,
                    0.0,
                    0.0,
                    1.0
                ]
            ],
            "colmap_im_id": 318
        },
        {
            "file_path": "images/frame_00317.png",
            "transform_matrix": [
                [
                    0.9688242973142721,
                    -0.1784646026736809,
                    0.17184256319675928,
                    1.105810524191451
                ],
                [
                    0.08079643670593926,
                    -0.4280975937506852,
                    -0.9001135406383445,
                    1.296848824149398
                ],
                [
                    0.23420379319970497,
                    0.8859361352927189,
                    -0.40033204647326354,
                    -2.0404686028456056
                ],
                [
                    0.0,
                    0.0,
                    0.0,
                    1.0
                ]
            ],
            "colmap_im_id": 317
        },
        {
            "file_path": "images/frame_00316.png",
            "transform_matrix": [
                [
                    0.9640776350732007,
                    -0.19226654462264375,
                    0.18326999037085617,
                    1.226734825234303
                ],
                [
                    0.08960566921103343,
                    -0.4141123827591038,
                    -0.9058044813815067,
                    1.277300509321977
                ],
                [
                    0.2500502701396414,
                    0.8896878723824702,
                    -0.38200831422711984,
                    -2.015808180366367
                ],
                [
                    0.0,
                    0.0,
                    0.0,
                    1.0
                ]
            ],
            "colmap_im_id": 316
        },
        {
            "file_path": "images/frame_00315.png",
            "transform_matrix": [
                [
                    0.9564762770410771,
                    -0.20720215781961993,
                    0.20547602598000017,
                    1.5056171526636053
                ],
                [
                    0.10898424691066186,
                    -0.3995428152773206,
                    -0.9102131468428637,
                    1.2764148977120235
                ],
                [
                    0.27069459799367307,
                    0.8929909319557318,
                    -0.3595714533467271,
                    -1.9852509348041292
                ],
                [
                    0.0,
                    0.0,
                    0.0,
                    1.0
                ]
            ],
            "colmap_im_id": 315
        },
        {
            "file_path": "images/frame_00314.png",
            "transform_matrix": [
                [
                    0.9503218382731778,
                    -0.21301373040304392,
                    0.22696597621861117,
                    1.7033771838732072
                ],
                [
                    0.12952473102038092,
                    -0.3924163521909997,
                    -0.9106221777374012,
                    1.3063216804114723
                ],
                [
                    0.2830401875267641,
                    0.8947818489402254,
                    -0.34533128304850336,
                    -1.9823902559200497
