{"default_fov": 75.0, "default_transition_sec": 2.0, "keyframes": [{"matrix": [0.9958239883745935, -0.0886674901596911, 0.02174075358625864, -0.04418627275149057, 0.026346775547240617, 0.05111198166612009, -0.9983453374200862, -0.02934268536670386, 0.08740956238296048, 0.9947490344398148, 0.053234639898059356, 0.05848940256853559, 0.0, 0.0, 0.0, 1.0], "fov": 75.0, "aspect": 1.7777777777777777, "override_transition_enabled": false, "override_transition_sec": null}, {"matrix": [0.9901915750284929, -0.07715207272803586, -0.11648262710104232, -0.5891840691003594, -0.11048295665270134, 0.07794548887930323, -0.9908168433432306, -0.3020472234178936, 0.08552286847311616, 0.9939678357155902, 0.0686569772928855, 0.054762326635410495, 0.0, 0.0, 0.0, 1.0], "fov": 75.0, "aspect": 1.7777777777777777, "override_transition_enabled": false, "override_transition_sec": null}, {"matrix": [0.9018227102784028, 0.006828861339166548, -0.43205227216035613, -0.8820672290563356, -0.4256214828916121, 0.18661273582368623, -0.8854501906541916, 0.25184088575122965, 0.07457983995196793, 0.9824098195158728, 0.17119811328262155, 0.1497098467317544, 0.0, 0.0, 0.0, 1.0], "fov": 75.0, "aspect": 1.7777777777777777, "override_transition_enabled": false, "override_transition_sec": null}, {"matrix": [0.7402560152412976, -0.32620135128086697, 0.5878891990176485, 0.3544268760098909, 0.6685030517830108, 0.2640139867792519, -0.6952699364575792, 0.34106765464569055, 0.07158702156031438, 0.9076834763327255, 0.4135045406481792, 0.3933748648751604, 0.0, 0.0, 0.0, 1.0], "fov": 75.0, "aspect": 1.7777777777777777, "override_transition_enabled": false, "override_transition_sec": null}, {"matrix": [0.6628565574671628, 0.020671254415392637, 0.7484610099822677, 0.7947779440490033, 0.7458669754550794, -0.10581220037963293, -0.6576368550927727, 0.3301131574715212, 0.06560212762002476, 0.9941712515918546, -0.08555631689134047, -0.025418128311302322, 0.0, 0.0, 0.0, 1.0], "fov": 75.0, "aspect": 1.7777777777777777, "override_transition_enabled": false, "override_transition_sec": null}, {"matrix": [0.49114819120146286, 0.5715399955808134, 0.6573549176289895, 0.5673153221489371, 0.8695323221963212, -0.3665941983293947, -0.33094143652178476, 0.7299212645075964, 0.05183623187891562, 0.7341326359743948, -0.6770245769998924, -0.56375648285242, 0.0, 0.0, 0.0, 1.0], "fov": 75.0, "aspect": 1.7777777777777777, "override_transition_enabled": false, "override_transition_sec": null}, {"matrix": [0.9470457820243448, -0.2858286539636049, -0.14630880808499214, -0.33874002483094334, -0.31104906165578594, -0.7035334416606793, -0.6389750994429558, 0.4258800387594627, 0.07970425329273437, 0.6506478902128509, -0.7551851130475324, -0.6503215073238576, 0.0, 0.0, 0.0, 1.0], "fov": 75.0, "aspect": 1.7777777777777777, "override_transition_enabled": false, "override_transition_sec": null}, {"matrix": [0.8571306693672699, -0.4002748957714227, -0.32420213362220884, -0.6206985592045493, -0.5103470854624972, -0.5746217447250924, -0.6398091143841459, 0.4888581741564558, 0.069805930908129, 0.7138556284741805, -0.6968050471299574, -0.6085034931135037, 0.0, 0.0, 0.0, 1.0], "fov": 75.0, "aspect": 1.7777777777777777, "override_transition_enabled": false, "override_transition_sec": null}, {"matrix": [0.9693117421294885, -0.04991542899657907, 0.24071393087643167, 0.03252527802758829, 0.22986389539316987, -0.16314506399555515, -0.959451029333214, 0.3727685252991543, 0.08716269938783384, 0.9853385905575675, -0.14666467125198357, -0.10379756714763355, 0.0, 0.0, 0.0, 1.0], "fov": 75.0, "aspect": 1.7777777777777777, "override_transition_enabled": false, "override_transition_sec": null}], "camera_type": "perspective", "render_height": 1080.0, "render_width": 1920.0, "fps": 30.0, "seconds": 16.0, "is_cycle": false, "smoothness_value": 0.0, "camera_path": [{"camera_to_world": [0.9958239883745935, -0.0886674901596911, 0.02174075358625864, -0.04418627275149057, 0.026346775547240617, 0.05111198166612009, -0.9983453374200862, -0.02934268536670386, 0.08740956238296048, 0.9947490344398148, 0.053234639898059356, 0.05848940256853559, 0.0, 0.0, 0.0, 1.0], "fov": 75.0, "aspect": 1.7777777777777777}, {"camera_to_world": [0.9959141229762682, -0.08842968745527953, 0.018309834323992843, -0.05606485565041684, 0.022954058070236136, 0.0517907471640279, -0.9983941254466094, -0.03674530394200052, 0.08733940047034165, 0.9947350948291477, 0.053608956721129815, 0.05820624449530023, 0.0, 0.0, 0.0, 1.0], "fov": 75.0, "aspect": 1.7777777777777777}, {"camera_to_world": [0.9959908785016328, -0.08819790080757214, 0.014943233742507014, -0.06793877844438098, 0.019624244409419296, 0.052447769526297525, -0.9984308291028855, -0.04414315862242453, 0.08727576394913374, 0.9947212482725266, 0.053968317207793756, 0.057923454924661735, 0.0, 0.0, 0.0, 1.0], "fov": 75.0, "aspect": 1.7777777777777777}, {"camera_to_world": [0.9960549409666141, -0.08797200517357986, 0.011639625498036987, -0.07980338102842091, 0.016356069458404628, 0.0530838040990913, -0.9984561025574642, -0.051531485513103256, 0.08721830982005302, 0.9947075128137463, 0.054313261585217903, 0.057641402359216956, 0.0, 0.0, 0.0, 1.0], "fov": 75.0, "aspect": 1.7777777777777777}, {"camera_to_world": [0.9961069667421919, -0.08775186488148129, 0.00839767929204617, -0.09165400329757444, 0.013148262548594893, 0.05369960303605976, -0.9984705683322486, -0.05890552071916403, 0.08716670235602027, 0.9946939040949192, 0.05464433325409983, 0.057360455301562766, 0.0, 0.0, 0.0, 1.0], "fov": 75.0, "aspect": 1.7777777777777777}, {"camera_to_world": [0.9961475833723594, -0.08753733401811495, 0.005216061196836333, -0.10348598514687952, 0.009999547857620812, 0.054295915350444236, -0.9984748182197188, -0.0662605003457342, 0.08712061285396996, 0.9946804354812949, 0.0549620786241779, 0.057080982254295996, 0.0, 0.0, 0.0, 1.0], "fov": 75.0, "aspect": 1.7777777777777777}, {"camera_to_world": [0.9961773903766697, -0.0873282568048776, 0.0020934339610879163, -0.11529466647137401, 0.006908644794722307, 0.054873486969961166, -0.9984694141809541, -0.07359166049794116, 0.08707971939222384, 0.9946671181813435, 0.055267046957411296, 0.05680335172001355, 0.0, 0.0, 0.0, 1.0], "fov": 75.0, "aspect": 1.7777777777777777}, {"camera_to_world": [0.9961969600370669, -0.08712446796211448, -0.0009715427036094612, -0.12707538716609573, 0.00387426836409991, 0.055433060794048875, -0.9984548892241681, -0.0808942372809122, 0.08704370659358082, 0.9946539613621018, 0.05555979021854607, 0.05652793220131226, 0.0, 0.0, 0.0, 1.0], "fov": 75.0, "aspect": 1.7777777777777777}, {"camera_to_world": [0.9962068381687222, -0.08692579306208628, -0.003980211854222211, -0.13882348712608264, 0.0008951295072214815, 0.05597537675308318, -0.9984317482635037, -0.08816346679977471, 0.08701226539426749, 0.9946409722597789, 0.055840862932800495, 0.05625509220078898, 0.0, 0.0, 0.0, 1.0], "fov": 75.0, "aspect": 1.7777777777777777}, {"camera_to_world": [0.9962075448746169, -0.08673204887059739, -0.006933919064738968, -0.1505343062463726, -0.0020300645749487117, 0.05650117186918835, -0.9984004689578377, -0.09539458515965603, 0.08698509281888239, 0.9946281562856126, 0.05611082205041797, 0.0559852002210406, 0.0, 0.0, 0.0, 1.0], "fov": 75.0, "aspect": 1.7777777777777777}, {"camera_to_world": [0.9961995752836326, -0.0865430436773704, -0.009834012190697253, -0.16220318442200343, -0.004902610118883995, 0.057011180318280244, -0.9983615025293888, -0.10258282846568352, 0.08696189176146205, 0.9946155171269817, 0.056370226817837675, 0.05571862476466395, 0.0, 0.0, 0.0, 1.0], "fov": 75.0, "aspect": 1.7777777777777777}, {"camera_to_world": [0.9961834002719312, -0.08635857761525007, -0.012681841148830843, -0.1738254615480131, -0.007723806513677975, 0.057506133492990934, -0.9983152745619122, -0.10972343282298454, 0.08694237077278613, 0.9946030568437629, 0.05661963865524266, 0.05545573433425589, 0.0, 0.0, 0.0, 1.0], "fov": 75.0, "aspect": 1.7777777777777777}, {"camera_to_world": [0.9961594671674218, -0.08617844296831895, -0.015478757710962424, -0.18539647751943944, -0.01049495603362216, 0.05798676006616485, -0.9982621857783062, -0.11681163433668643, 0.08692624385403304, 0.994590775959935, 0.056859621040277385, 0.05519689743241331, 0.0, 0.0, 0.0, 1.0], "fov": 75.0, "aspect": 1.7777777777777777}, {"camera_to_world": [0.9961282004371288, -0.08600242446900742, -0.018226115311279864, -0.19691157223132033, -0.013217363587339936, 0.058453786054588626, -0.9982026127974643, -0.12384266911191652, 0.0869132302568916, 0.9945786735504322, 0.057090739397694684, 0.05494248256173304, 0.0, 0.0, 0.0, 1.0], "fov": 75.0, "aspect": 1.7777777777777777}, {"camera_to_world": [0.9960900023572932, -0.08583029958427682, -0.02092526886616066, -0.20836608557869365, -0.01589233648266119, 0.05890793488267172, -0.9981369088702116, -0.1308117732538022, 0.08690305429022446, 0.9945667473232415, 0.0573135609947428, 0.05469285822481197, 0.0, 0.0, 0.0, 1.0], "fov": 75.0, "aspect": 1.7777777777777777}, {"camera_to_world": [0.9960452536660482, -0.0856618387909551, -0.023577574605757157, -0.2197553574565973, -0.018521184206469567, 0.059349927445790776, -0.9980654045941924, -0.13771418286747078, 0.0868954451333765, 0.9945549936967444, 0.057528654842092054, 0.05444839292424691, 0.0, 0.0, 0.0, 1.0], "fov": 75.0, "aspect": 1.7777777777777777}, {"camera_to_world": [0.9959943141985316, -0.08549680584030309, -0.026184389916554966, -0.23107472776006915, -0.021105218218753767, 0.059780482173006064, -0.9979884086075858, -0.14454513405804967, 0.08689013665621348, 0.9945434078723102, 0.05773659160009471, 0.05420945516263478, 0.0, 0.0, 0.0, 1.0], "fov": 75.0, "aspect": 1.7777777777777777}, {"camera_to_world": [0.9959375235043, -0.08533495801188401, -0.028747073194188247, -0.24231953638414705, -0.023645751760161877, 0.06020031508892751, -0.9979062082615232, -0.15129986293066616, 0.08688686724597007, 0.9945319839021286, 0.05793794349023215, 0.0539764134425724, 0.0, 0.0, 0.0, 1.0], "fov": 75.0, "aspect": 1.7777777777777777}, {"camera_to_world": [0.9958752014469309, -0.0851760463568133, -0.03126698370577059, -0.25348512322386896, -0.02614409967233574, 0.06061013987444072, -0.9978190702711207, -0.15797360559044765, 0.08688537964098395, 0.9945207147522985, 0.05813328421153729, 0.053749636266656645, 0.0, 0.0, 0.0, 1.0], "fov": 75.0, "aspect": 1.7777777777777777}, {"camera_to_world": [0.9958076487857039, -0.08501981593045842, -0.033745481461065985, -0.26456682817427263, -0.028601578230363394, 0.06101066792608821, -0.9977272413450208, -0.16456159814252147, 0.08688542077138478, 0.9945095923611617, 0.05832318886185715, 0.05352949213748437, 0.0, 0.0, 0.0, 1.0], "fov": 75.0, "aspect": 1.7777777777777777}, {"camera_to_world": [0.9957351477392631, -0.08486600601465881, -0.03618392709184269, -0.27555999113039603, -0.031019504986707355, 0.06140260841386903, -0.9976309487933667, -0.17105907669201498, 0.08688674160680403, 0.9944986076928882, 0.05850823386378635, 0.053316349557652444, 0.0, 0.0, 0.0, 1.0], "fov": 75.0, "aspect": 1.7777777777777777}, {"camera_to_world": [0.995657962531173, -0.0847143503295354, -0.038583681738760846, -0.2864599519872771, -0.03339919862597332, 0.06178666833723914, -0.9975304011141348, -0.1774612773440555, 0.0868890970111672, 0.9944877507863175, 0.05868899689511842, 0.05311057702975771, 0.0, 0.0, 0.0, 1.0], "fov": 75.0, "aspect": 1.7777777777777777}, {"camera_to_world": [0.9955763399172898, -0.0845645772349545, -0.04094610694518378, -0.29726205063995353, -0.03574197882992103, 0.062163552579120214, -0.9974257885577575, -0.1837634362037704, 0.0868922456046251, 0.9944770107990513, 0.05886605682368354, 0.052912543056397046, 0.0, 0.0, 0.0, 1.0], "fov": 75.0, "aspect": 1.7777777777777777}, {"camera_to_world": [0.995490509694875, -0.08441640992171168, -0.04327256455732381, -0.30796162698346347, -0.03804916615214135, 0.0625339639577119, -0.9973172836699775, -0.1899607893762871, 0.08689594963267827, 0.9944663760468049, 0.059039993646425065, 0.05272261614016731, 0.0, 0.0, 0.0, 1.0], "fov": 75.0, "aspect": 1.7777777777777777}, {"camera_to_world": [0.9954006851933876, -0.08426956659249674, -0.04556441663016443, -0.3185540209128445, -0.04032208190185128, 0.06289860327593184, -0.9972050418128847, -0.19604857296673286, 0.08689997484254437, 0.9944558340380177, 0.05921138843259345, 0.05254116478366534, 0.0, 0.0, 0.0, 1.0], "fov": 75.0, "aspect": 1.7777777777777777}, {"camera_to_world": [0.9953070637469005, -0.08412376063270224, -0.047823025338587746, -0.3290345723231347, -0.04256204803624797, 0.06325816936829641, -0.9970892016640899, -0.20202202308023506, 0.08690409036681478, 0.9944453715037261, 0.059380823270924324, 0.05236855748948803, 0.0, 0.0, 0.0, 1.0], "fov": 75.0, "aspect": 1.7777777777777777}, {"camera_to_world": [0.9952098271480849, -0.0839787007711334, -0.05004975289321005, -0.3393986211093719, -0.044770387060932997, 0.06361335914509034, -0.9969698856939923, -0.20787637582192103, 0.08690806861444565, 0.9944349744226971, 0.05954888122069648, 0.052205162760232224, 0.0, 0.0, 0.0, 1.0], "fov": 75.0, "aspect": 1.7777777777777777}, {"camera_to_world": [0.9951091420837236, -0.08383409123067696, -0.05224596146040469, -0.349641507166594, -0.046948421937897486, 0.06396486763364512, -0.9968472006211139, -0.21360686729691816, 0.0869116851691227, 0.9944246280418324, 0.05971614626653752, 0.05205134909849477, 0.0, 0.0, 0.0, 1.0], "fov": 75.0, "aspect": 1.7777777777777777}, {"camera_to_world": [0.9950051605517106, -0.08368963186898577, -0.05441301308600951, -0.3597585703898388, -0.04909747600057242, 0.06431338801659058, -0.9967212378454673, -0.21920873361035378, 0.0869147186950393, 0.994414316891838, 0.0598832032768879, 0.05190748500687255, 0.0, 0.0, 0.0, 1.0], "fov": 75.0, "aspect": 1.7777777777777777}, {"camera_to_world": [0.9948980202595019, -0.08354501830923099, -0.056552269622306826, -0.36974515067414426, -0.05121887287554207, 0.06465961166692419, -0.9965920738599324, -0.22467721086735523, 0.0869169508501241, 0.9944040247981664, 0.06005063796600573, 0.05177393898796241, 0.0, 0.0, 0.0, 1.0], "fov": 75.0, "aspect": 1.7777777777777777}, {"camera_to_world": [0.9947878450039899, -0.08339994206097717, -0.05866509265775864, -0.3795965879145482, -0.053313936410410656, 0.06500422817976009, -0.9964597706396283, -0.23000753517304995, 0.08691816620675132, 0.9943937348872325, 0.0602190368594203, 0.05165107954436121, 0.0, 0.0, 0.0, 1.0], "fov": 75.0, "aspect": 1.7777777777777777}, {"camera_to_world": [0.9946747450327758, -0.08325409063123129, -0.06075284344908803, -0.38930822200608856, -0.05538399060742082, 0.06534792540062559, -0.996324376009255, -0.23519494263256518, 0.08691815217996639, 0.9943834295879035, 0.06038898726273863, 0.051539275178665814, 0.0, 0.0, 0.0, 1.0], "fov": 75.0, "aspect": 1.7777777777777777}, {"camera_to_world": [0.9945588173868144, -0.08310714762571443, -0.06281688285531982, -0.3988753928438032, -0.057430359562444674, 0.06569138945017215, -0.9961859239884057, -0.2402346693510283, 0.08691669896325784, 0.9943730906282726, 0.06056107723370592, 0.051438894393473086, 0.0, 0.0, 0.0, 1.0], "fov": 75.0, "aspect": 1.7777777777777777}, {"camera_to_world": [0.99444014622442, -0.08295879284040775, -0.06485857127332073, -0.40829344032273, -0.05945436740889432, 0.06603530474517758, -0.9960444351148295, -0.2451219514335667, 0.08691359947190264, 0.9943626990277109, 0.060735895557436574, 0.05135030569137988, 0.0, 0.0, 0.0, 1.0], "fov": 75.0, "aspect": 1.7777777777777777}, {"camera_to_world": [0.9943188031266121, -0.08280870234341872, -0.06687926857450295, -0.41755770433790673, -0.06145733826622215, 0.06638035401573285, -0.9958999167456423, -0.2498520249853077, 0.08690864929391416, 0.9943522350842006, 0.0609140317247379, 0.051273877574983064, 0.0, 0.0, 0.0, 1.0], "fov": 75.0, "aspect": 1.7777777777777777}, {"camera_to_world": [0.9941948473837957, -0.08265654854721914, -0.06888033404225359, -0.4266635247843714, -0.06344059619258062, 0.06672721831846828, -0.9957523633364921, -0.25442012611137865, 0.08690164664861742, 0.9943416783569622, 0.06109607591341822, 0.05120997854687949, 0.0, 0.0, 0.0, 1.0], "fov": 75.0, "aspect": 1.7777777777777777}, {"camera_to_world": [0.994068326263761, -0.08250200027129605, -0.07086312630980796, -0.43560624155716204, -0.06540546514136418, 0.06707657704574391, -0.995601756698665, -0.2588214909169069, 0.08689239235287821, 0.9943310076443663, 0.061282618972527785, 0.051158977109666014, 0.0, 0.0, 0.0, 1.0], "fov": 75.0, "aspect": 1.7777777777777777}, {"camera_to_world": [0.9939392752610052, -0.08234472279526908, -0.0728290032981234, -0.4443811945513162, -0.06735326892119767, 0.06742910793066055, -0.9954480662341477, -0.26305135550701986, 0.08688068979500914, 0.9943202009571391, 0.061474252409425605, 0.051121241765939504, 0.0, 0.0, 0.0, 1.0], "fov": 75.0, "aspect": 1.7777777777777777}, {"camera_to_world": [0.9938077183273647, -0.08218437790251452, -0.07477932215348014, -0.452983723661872, -0.06928533115910139, 0.06778548704781434, -0.9952912491486419, -0.2671049559868448, 0.08686634491637678, 0.9943092354868615, 0.06167156837961705, 0.051097141018296835, 0.0, 0.0, 0.0, 1.0], "fov": 75.0, "aspect": 1.7777777777777777}, {"camera_to_world": [0.9936736680839642, -0.08202062391434727, -0.07671543918443664, -0.4614091687838672, -0.07120297526646759, 0.06814638880966334, -0.9951312506425496, -0.27097752846150913, 0.08684916620073331, 0.9942980875697707, 0.06187515967926067, 0.051087043369334825, 0.0, 0.0, 0.0, 1.0], "fov": 75.0, "aspect": 1.7777777777777777}, {"camera_to_world": [0.9935371260144786, -0.08185311571480232, -0.07863870979784235, -0.4696528698123396, -0.07310752440755512, 0.06851248595843028, -0.9949680040799277, -0.27466430903614014, 0.08682896467129397, 0.9942867326458579, 0.06208561974029179, 0.05109131732165038, 0.0, 0.0, 0.0, 1.0], "fov": 75.0, "aspect": 1.7777777777777777}, {"camera_to_world": [0.9933980826397167, -0.0816815047660676, -0.08055048843356218, -0.47771016664232724, -0.07500030147016319, 0.06888444955341266, -0.9948014311354344, -0.2781605338158653, 0.08680555389558432, 0.9942751452132729, 0.06230354262806079, 0.05111033137784034, 0.0, 0.0, 0.0, 1.0], "fov": 75.0, "aspect": 1.7777777777777777}, {"camera_to_world": [0.9932565176735291, -0.08150543911461108, -0.08245212849762543, -0.4855763991688679, -0.07688262903820053, 0.06926294895362338, -0.9946314419192782, -0.2814614389058118, 0.08677874999807819, 0.9942632987780361, 0.06252952304143108, 0.05114445404050155, 0.0, 0.0, 0.0, 1.0], "fov": 75.0, "aspect": 1.7777777777777777}, {"camera_to_world": [0.9931124001600474, -0.08132456338805, -0.08434498229351159, -0.49324690728699966, -0.07875582936586847, 0.0696486517956482, -0.9944579350801833, -0.2845622604111071, 0.08674837168064858, 0.9942511657990606, 0.06276415631524457, 0.0511940538122309, 0.0, 0.0, 0.0, 1.0], "fov": 75.0, "aspect": 1.7777777777777777}, {"camera_to_world": [0.992965688592273, -0.08113851878281791, -0.08623040095119247, -0.5007170308917601, -0.08062122435308233, 0.07004222396661484, -0.9942807978864021, -0.28745823443687857, 0.08671424025085545, 0.9942387176284881, 0.06300803842507757, 0.05125949919562524, 0.0, 0.0, 0.0, 1.0], "fov": 75.0, "aspect": 1.7777777777777777}, {"camera_to_world": [0.9928163310120115, -0.08094694304266516, -0.08810973435379045, -0.5079821098781874, -0.08248013552199455, 0.0704443295721966, -0.9940999062847744, -0.29014459708825346, 0.0866761796580895, 0.9942259244473417, 0.06326176599421897, 0.05134115869328141, 0.0, 0.0, 0.0, 1.0], "fov": 75.0, "aspect": 1.7777777777777777}, {"camera_to_world": [0.9926642650911858, -0.08074947042806169, -0.08998433106137733, -0.5150374841413193, -0.0843338839941507, 0.07085563089951458, -0.9939151249378856, -0.29261658447035926, 0.08663401653759971, 0.9942127551965018, 0.06352593630276969, 0.0514394008077963, 0.0, 0.0, 0.0, 1.0], "fov": 75.0, "aspect": 1.7777777777777777}, {"camera_to_world": [0.9925094181945271, -0.08054573167653838, -0.09185553823179377, -0.5218784935761935, -0.08618379046816117, 0.07127678837486572, -0.9937263072393249, -0.29486943268832316, 0.08658758026242294, 0.9941991775030071, 0.06380114729879689, 0.051554594041766745, 0.0, 0.0, 0.0, 1.0], "fov": 75.0, "aspect": 1.7777777777777777}, {"camera_to_world": [0.9923517074236734, -0.08033535395403518, -0.09372470153806911, -0.5285004780778483, -0.08803117519747528, 0.07170846051614807, -0.993533295307085, -0.2968983778472726, 0.08653670300324404, 0.9941851576016834, 0.06408799761144374, 0.051687106897789624, 0.0, 0.0, 0.0, 1.0], "fov": 75.0, "aspect": 1.7777777777777777}, {"camera_to_world": [0.9921910396426856, -0.0801179607972993, -0.0955931650822852, -0.534898777541321, -0.08987735796810387, 0.07215130387989634, -0.99333591995513, -0.2986986560523349, 0.08648121979620742, 0.9941706602521087, 0.0643870865659163, 0.05183730787846179, 0.0, 0.0, 0.0, 1.0], "fov": 75.0, "aspect": 1.7777777777777777}, {"camera_to_world": [0.9920273114850121, -0.07989317204740418, -0.09746227130547838, -0.54106873186165, -0.09172365807589103, 0.07260597300280557, -0.9931340006431625, -0.30026550340863756, 0.08642096861870865, 0.9941556486509141, 0.06469901420025215, 0.0520055654863801, 0.0, 0.0, 0.0, 1.0], "fov": 75.0, "aspect": 1.7777777777777777}, {"camera_to_world": [0.9918604093419173, -0.07966060377444273, -0.09933336089338547, -0.547005680933873, -0.09357139430314557, 0.07307312033762313, -0.9929273454046318, -0.3015941560213077, 0.08635579047319052, 0.9941400843394329, 0.06502438128376103, 0.05219224822414141, 0.0, 0.0, 0.0, 1.0], "fov": 75.0, "aspect": 1.7777777777777777}, {"camera_to_world": [0.9916902093324081, -0.0794198681934641, -0.1012077726776808, -0.5527049646530278, -0.09542188489428254, 0.07355339618331319, -0.9927157507530157, -0.30267984999547276, 0.08628552947897242, 0.9941239271066932, 0.06536378933706359, 0.052397724594342596, 0.0, 0.0, 0.0, 1.0], "fov": 75.0, "aspect": 1.7777777777777777}, {"camera_to_world": [0.9915165772546788, -0.07917057357171381, -0.10308684353249144, -0.5581619229141523, -0.09727644753026879, 0.07404744860935675, -0.9924990015664177, -0.30351782143626016, 0.08621003297213951, 0.9941071348877699, 0.06571784065360102, 0.0526223630995805, 0.0, 0.0, 0.0, 1.0], "fov": 75.0, "aspect": 1.7777777777777777}, {"camera_to_world": [0.9913393685191094, -0.07891232412725593, -0.10497190826582234, -0.5633718956122845, -0.09913639930150761, 0.0745559233740676, -0.9922768709505289, -0.3041033064487973, 0.08612915161352375, 0.9940896636574968, 0.06608713832251767, 0.05286653224245201, 0.0, 0.0, 0.0, 1.0], "fov": 75.0, "aspect": 1.7777777777777777}, {"camera_to_world": [0.9911584280628509, -0.07864471991904441, -0.10686429950565055, -0.5683302226424624, -0.10100305667892716, 0.07507946383680017, -0.9920491200799948, -0.30443154113821125, 0.08604273950480512, 0.9940714673195452, 0.06647228625280292, 0.05313060052555395, 0.0, 0.0, 0.0, 1.0], "fov": 75.0, "aspect": 1.7777777777777777}, {"camera_to_world": [0.9909735902460324, -0.07836735672852871, -0.1087653475803403, -0.5730322438997234, -0.10287773548292975, 0.07561871086389828, -0.9918154980182485, -0.3044977616096296, 0.08595065431276859, 0.9940524975908795, 0.06687388919855997, 0.05341493645148321, 0.0, 0.0, 0.0, 1.0], "fov": 75.0, "aspect": 1.7777777777777777}, {"camera_to_world": [0.9907846787296278, -0.07807982593286879, -0.110676380393113, -0.5774732992791057, -0.10476175084994015, 0.07617430272826516, -0.9915757415158549, -0.30429720396817966, 0.08585275740174689, 0.9940327038815954, 0.06729255278529171, 0.05371990852283663, 0.0, 0.0, 0.0, 1.0], "fov": 75.0, "aspect": 1.7777777777777777}, {"camera_to_world": [0.990591506335022, -0.0777817143698443, -0.11259872329027516, -0.5816487286756473, -0.10665641719626051, 0.07674687500240805, -0.9913295747874277, -0.3038251043189888, 0.08574891397428437, 0.9940120331701486, 0.06772888353707054, 0.05404588524221108, 0.0, 0.0, 0.0, 1.0], "fov": 75.0, "aspect": 1.7777777777777777}, {"camera_to_world": [0.9903938748853276, -0.0774726041945609, -0.11453369892280138, -0.5855538719843858, -0.10856304817883561, 0.07733706044478234, -0.9910767092671887, -0.30307669876718435, 0.08563899322006199, 0.9939904298739867, 0.06818348890443479, 0.05439323511220341, 0.0, 0.0, 0.0, 1.0], "fov": 75.0, "aspect": 1.7777777777777777}, {"camera_to_world": [0.9901915750284929, -0.07715207272803586, -0.11648262710104232, -0.5891840691003594, -0.11048295665270134, 0.07794548887930323, -0.9908168433432306, -0.3020472234178936, 0.08552286847311616, 0.9939678357155902, 0.0686569772928855, 0.054762326635410495, 0.0, 0.0, 0.0, 1.0], "fov": 75.0, "aspect": 1.7777777777777777}, {"camera_to_world": [0.9899576508362729, -0.07677120794818859, -0.11870143714759399, -0.5928656309806224, -0.11267136247968615, 0.07862196844189268, -0.9905169105852224, -0.3005018246135137, 0.08537572036416088, 0.9939440465682655, 0.06918250258412594, 0.055184968835276946, 0.0, 0.0, 0.0, 1.0], "fov": 75.0, "aspect": 1.7777777777777777}, {"camera_to_world": [0.9896642521320955, -0.07628352821938197, -0.12143101487767759, -0.5969166383037396, -0.11536861579492302, 0.07941301362740538, -0.99014325011898, -0.2982250598412836, 0.08517482340095246, 0.993918707233653, 0.06979149568249901, 0.055691198459542235, 0.0, 0.0, 0.0, 1.0], "fov": 75.0, "aspect": 1.7777777777777777}, {"camera_to_world": [0.9893093887257055, -0.07569216040304973, -0.12465003101760475, -0.6013200855470134, -0.11855367017246628, 0.08031421646157791, -0.9896942224357993, -0.29524128192359345, 0.08492326340767242, 0.9938915048875719, 0.07048202497452306, 0.05627872559724545, 0.0, 0.0, 0.0, 1.0], "fov": 75.0, "aspect": 1.7777777777777777}, {"camera_to_world": [0.9888905814131623, -0.07500012657350963, -0.12833705235159187, -0.6060589671877461, -0.12220540736398641, 0.08132105749839123, -0.9891676925670114, -0.29157484368283326, 0.08462420695841016, 0.9938620963802276, 0.07125220681045102, 0.05694526033742572, 0.0, 0.0, 0.0, 1.0], "fov": 75.0, "aspect": 1.7777777777777777}, {"camera_to_world": [0.9884049653945736, -0.07421036629324661, -0.1324705473604383, -0.6111162777032401, -0.1263026373519131, 0.08242892421394586, -0.9885611343012041, -0.2872500979413931, 0.08428088858871323, 0.9938301132424768, 0.07210019300350852, 0.05768851276912216, 0.0, 0.0, 0.0, 1.0], "fov": 75.0, "aspect": 1.7777777777777777}, {"camera_to_world": [0.9878493893498419, -0.07332575808856454, -0.13702889170493113, -0.6164750115707979, -0.13082409844219448, 0.08363312864191345, -0.9878717300643602, -0.282291397521663, 0.08389659842884833, 0.9937951665178808, 0.07302415886380408, 0.05850619298137387, 0.0, 0.0, 0.0, 1.0], "fov": 75.0, "aspect": 1.7777777777777777}, {"camera_to_world": [0.9872205101419695, -0.07234914004960685, -0.14199037393116462, -0.6221181632677217, -0.1357484577719323, 0.08492892433379523, -0.9870964664226319, -0.27672309524603317, 0.08347467021541019, 0.9937568514207017, 0.07402229182375838, 0.059396011063219976, 0.0, 0.0, 0.0, 1.0], "fov": 75.0, "aspect": 1.7777777777777777}, {"camera_to_world": [0.9865148831157596, -0.07128332948859109, -0.14733320171678893, -0.6280287272713142, -0.14105431254956197, 0.08631152271455043, -0.9862322251670071, -0.2705695439368936, 0.0830184696454322, 0.9937147518195132, 0.07509278070503082, 0.060355677103699566, 0.0, 0.0, 0.0, 1.0], "fov": 75.0, "aspect": 1.7777777777777777}, {"camera_to_world": [0.985729047957453, -0.07013114159935703, -0.15303550892150558, -0.6341896980588776, -0.14672019229016453, 0.08777610889175982, -0.985275869938039, -0.26385509641663435, 0.08253138304445423, 0.9936684445456608, 0.07623380567029772, 0.06138290119185178, 0.0, 0.0, 0.0, 1.0], "fov": 75.0, "aspect": 1.7777777777777777}, {"camera_to_world": [0.9848596100783401, -0.06889540707007724, -0.1590753636519125, -0.6405840701077146, -0.1527245622558964, 0.08931785696460216, -0.9842243283474532, -0.2566041055076455, 0.08201680632702472, 0.9936175035253247, 0.0774435288969717, 0.06247539341671575, 0.0, 0.0, 0.0, 1.0], "fov": 75.0, "aspect": 1.7777777777777777}, {"camera_to_world": [0.9839033174830983, -0.06757898860931794, -0.16543077750012306, -0.6471948378951271, -0.159045828261445, 0.09093194486746112, -0.983074669552243, -0.24884092403231722, 0.08147813423480244, 0.9935615037334944, 0.07872008600384545, 0.06363086386733052, 0.0, 0.0, 0.0, 1.0], "fov": 75.0, "aspect": 1.7777777777777777}, {"camera_to_world": [0.9828571330817956, -0.06618479635362408, -0.1720797160674753, -0.6540049958984179, -0.16566234295687216, 0.09261356877211754, -0.9818241772360936, -0.24058990481303955, 0.08091874984373697, 0.993500024967751, 0.08006157825577234, 0.06484702263273526, 0.0, 0.0, 0.0, 1.0], "fov": 75.0, "aspect": 1.7777777777777777}, {"camera_to_world": [0.9817183024034554, -0.06471580213250011, -0.1790001108391408, -0.6609975385948893, -0.1725524136552083, 0.09435795706220633, -0.980470417952938, -0.23187540067220258, 0.08034201433770187, 0.9934326554394084, 0.08146606556577156, 0.06612157980196906, 0.0, 0.0, 0.0, 1.0], "fov": 75.0, "aspect": 1.7777777777777777}, {"camera_to_world": [0.9804844166689733, -0.06317505257411196, -0.18616987243257496, -0.6681554604618437, -0.1796943117297378, 0.09616038388400469, -0.9790113047882834, -0.22272176443219624, 0.07975125705140237, 0.9933589951792552, 0.08293156030837784, 0.06745224546407105, 0.0, 0.0, 0.0, 1.0], "fov": 75.0, "aspect": 1.7777777777777777}, {"camera_to_world": [0.9791534711821678, -0.06156568104226355, -0.1935669052026044, -0.6754617559765836, -0.18706628356613492, 0.09801618226870297, -0.9774451562958523, -0.21315334891541085, 0.07914976579034312, 0.9932786592549298, 0.08445602195263027, 0.06883672970808033, 0.0, 0.0, 0.0, 1.0], "fov": 75.0, "aspect": 1.7777777777777777}, {"camera_to_world": [0.9777239189999354, -0.05989091840224668, -0.20116912314851698, -0.6828994196164112, -0.1946465630174632, 0.09992075681307425, -0.9757707506701517, -0.20319450694423632, 0.0785407774401074, 0.9931912807968252, 0.08603735251776179, 0.070272742623036, 0.0, 0.0, 0.0, 1.0], "fov": 75.0, "aspect": 1.7777777777777777}, {"camera_to_world": [0.9761947198459126, -0.058154102620010126, -0.20895446703390075, -0.6904514458586292, -0.2024133852756242, 0.10186959589803225, -0.9739873751198388, -0.1928695913410627, 0.07792746888114559, 0.9930965138293625, 0.08767339284951363, 0.07175799429797719, 0.0, 0.0, 0.0, 1.0], "fov": 75.0, "aspect": 1.7777777777777777}, {"camera_to_world": [0.9745653842367374, -0.05635868720576752, -0.21690092259818233, -0.6981008291805397, -0.2103450020411452, 0.10385828341781005, -0.9720948704122537, -0.18220295492828031, 0.0773129482286818, 0.9929940359045205, 0.08936191970991259, 0.07329019482194302, 0.0, 0.0, 0.0, 1.0], "fov": 75.0, "aspect": 1.7777777777777777}, {"camera_to_world": [0.9728360127959237, -0.05450824851963176, -0.2249865397099377, -0.7058305640594453, -0.21841969784432502, 0.10588250998657078, -0.9700936705661666, -0.1712189505282791, 0.07670024642022394, 0.9928835505346366, 0.09110064366847875, 0.07486705428397257, 0.0, 0.0, 0.0, 1.0], "fov": 75.0, "aspect": 1.7777777777777777}, {"camera_to_world": [0.9710073307374454, -0.052606491963128235, -0.23318945228606447, -0.7136236449726483, -0.22661580734468295, 0.1079380835840741, -0.9679848376775926, -0.15994193096344902, 0.07609230917549398, 0.9927647894217093, 0.09288720777809117, 0.07648628277310497, 0.0, 0.0, 0.0, 1.0], "fov": 75.0, "aspect": 1.7777777777777777}, {"camera_to_world": [0.9690807175092819, -0.05065725708646919, -0.24148789877791155, -0.7214630663974514, -0.23491173341249072, 0.11002093959756572, -0.9657700918723916, -0.14839624905618018, 0.07549198935539038, 0.9926375144807617, 0.09471918701414969, 0.07814559037837937, 0.0, 0.0, 0.0, 1.0], "fov": 75.0, "aspect": 1.7777777777777777}, {"camera_to_world": [0.9670582315962662, -0.048664521647231104, -0.2498602430054618, -0.7293318228111566, -0.24328596577590028, 0.11212715021342722, -0.9634518363890866, -0.13660625762886283, 0.07490203974785811, 0.9925015196551902, 0.096594088451357, 0.07984268718883483, 0.0, 0.0, 0.0, 1.0], "fov": 75.0, "aspect": 1.7777777777777777}, {"camera_to_world": [0.9649426304914592, -0.04663240466154657, -0.2582849951036741, -0.7372129086910665, -0.2517170999998544, 0.11425293310912188, -0.961033177805858, -0.12459630950388696, 0.07432510630928477, 0.9923566325225243, 0.09850935214825661, 0.08157528329351046, 0.0, 0.0, 0.0, 1.0], "fov": 75.0, "aspect": 1.7777777777777777}, {"camera_to_world": [0.962737385855763, -0.04456516849404844, -0.26674083233113893, -0.7450893185144835, -0.2601838565486031, 0.11639465939375937, -0.9585179414367301, -0.11239075750364273, 0.07376372189028713, 0.9922027156895449, 0.10046235270579999, 0.08334108878144542, 0.0, 0.0, 0.0, 1.0], "fov": 75.0, "aspect": 1.7777777777777777}, {"camera_to_world": [0.9604466938964045, -0.042467220037553835, -0.2752066194802523, -0.75294404675871, -0.26866509967222896, 0.1185488607440188, -0.9559106819334151, -0.10001395445051986, 0.07322030047451107, 0.992039667976325, 0.10245040146258622, 0.08513781374167881, 0.0, 0.0, 0.0, 1.0], "fov": 75.0, "aspect": 1.7777777777777777}, {"camera_to_world": [0.9580754810060256, -0.040343111037800694, -0.28366142862022026, -0.7607600879010483, -0.2771398558491703, 0.12071223568124037, -0.9532166891408996, -0.08749025316690888, 0.0726971319583775, 0.9918674253894161, 0.10447074928609393, 0.0869631682632497, 0.0, 0.0, 0.0, 1.0], "fov": 75.0, "aspect": 1.7777777777777777}, {"camera_to_world": [0.9556294047152294, -0.03819753762240548, -0.2920845578992517, -0.768520436418801, -0.2855873315112173, 0.12288165493517564, -0.9504419892664122, -0.07484400647519973, 0.0721963774985869, 0.9916859618851008, 0.10652058991624203, 0.08881486243519723, 0.0, 0.0, 0.0, 1.0], "fov": 75.0, "aspect": 1.7777777777777777}, {"camera_to_world": [0.953114850022284, -0.03603533909655718, -0.3004555491303087, -0.7762080867892704, -0.2939869297748834, 0.1250541658400843, -0.9475933414326942, -0.062099567197782424, 0.07172006545268207, 0.9914952899243834, 0.10859706381494011, 0.09069060634656052, 0.0, 0.0, 0.0, 1.0], "fov": 75.0, "aspect": 1.7777777777777777}, {"camera_to_world": [0.9505389211740674, -0.0338614960707376, -0.3087542038856984, -0.7838060334897591, -0.3023182659033702, 0.12722699570962376, -0.9446782296972247, -0.04928128815704693, 0.07127008793609797, 0.9912954608221278, 0.11069726247304429, 0.09258811008637871, 0.0, 0.0, 0.0, 1.0], "fov": 75.0, "aspect": 1.7777777777777777}, {"camera_to_world": [0.9479094289819938, -0.0316811279879346, -0.3169605978295133, -0.7912972709975692, -0.3105611812264738, 0.12939755413814402, -0.941704850629051, -0.036413522175383586, 0.0708481980169407, 0.9910865648935404, 0.11281823312423468, 0.09450508374369085, 0.0, 0.0, 0.0, 1.0], "fov": 75.0, "aspect": 1.7777777777777777}, {"camera_to_world": [0.945234873765377, -0.029499490119343386, -0.3250550930233991, -0.7986647937900033, -0.31869575525167154, 0.13156343417756244, -0.938682096543858, -0.023520622075182372, 0.07045600756726547, 0.9908687314019475, 0.11495698381384434, 0.09643923740753607, 0.0, 0.0, 0.0, 1.0], "fov": 75.0, "aspect": 1.7777777777777777}, {"camera_to_world": [0.9425244240222207, -0.0273219700983737, -0.33301834795026664, -0.8058915963443638, -0.32670231570821806, 0.13372241234094495, -0.93561953450567, -0.01062694067883312, 0.07009498578692411, 0.990642128312572, 0.11711048876966162, 0.09838828116695354, 0.0, 0.0, 0.0, 1.0], "fov": 75.0, "aspect": 1.7777777777777777}, {"camera_to_world": [0.9397878909335555, -0.025154084062891158, -0.34083132501226554, -0.8129606731379531, -0.3345614462772793, 0.1358724473860761, -0.9325273812098889, 0.0022431691912736086, 0.06976645841315701, 0.9904069618577382, 0.11927569402107979, 0.10034992511098229, 0.0, 0.0, 0.0, 1.0], "fov": 75.0, "aspect": 1.7777777777777777}, {"camera_to_world": [0.9370356988119808, -0.02300147247494433, -0.34847529527346277, -0.8198550186480734, -0.34225399177481336, 0.13801167783472984, -0.9294164738670432, 0.015065354712748035, 0.06947160762605598, 0.9901634759196214, 0.12144952321283187, 0.10232187932866146, 0.0, 0.0, 0.0, 1.0], "fov": 75.0, "aspect": 1.7777777777777777}, {"camera_to_world": [0.9342788516077954, -0.02086989568576253, -0.35593184023417235, -0.8265576273520274, -0.349761060570046, 0.14013841818593234, -0.9262982372094106, 0.02781526306319999, 0.06921147265689107, 0.9899119512372858, 0.12362888355984733, 0.1043018539090302, 0.0, 0.0, 0.0, 1.0], "fov": 75.0, "aspect": 1.7777777777777777}, {"camera_to_world": [0.931528895586867, -0.018765229311497295, -0.36318285044258164, -0.8330514937271174, -0.35706402404080584, 0.142251153784178, -0.9231846467434655, 0.04046854142023966, 0.06898695110307851, 0.9896527044453307, 0.12581067189052123, 0.1062875589411276, 0.0, 0.0, 0.0, 1.0], "fov": 75.0, "aspect": 1.7777777777777777}, {"camera_to_world": [0.9287978782930228, -0.016693459482021195, -0.3702105207701441, -0.8393196122506457, -0.3641445128876327, 0.1443485343062616, -0.9200881883697143, 0.053000836961476595, 0.06879880095036428, 0.9893860869519828, 0.12799178072687334, 0.10827670451399277, 0.0, 0.0, 0.0, 1.0], "fov": 75.0, "aspect": 1.7777777777777777}, {"camera_to_world": [0.9260983039041255, -0.014660678021036266, -0.37699734220000203, -0.8453449773999149, -0.37098441015130723, 0.14642936583313843, -0.9170218144877424, 0.06538779686452081, 0.06864764329959619, 0.9891124836648602, 0.13016910435177384, 0.1102670007166648, 0.0, 0.0, 0.0, 1.0], "fov": 75.0, "aspect": 1.7777777777777777}, {"camera_to_world": [0.9234430850850055, -0.012673077610776934, -0.38352609000243854, -0.8511105836522272, -0.37756584080324407, 0.14849260147586088, -0.913998896698169, 0.07760506830698226, 0.06853396579234763, 0.9888323115729999, 0.13233954481548943, 0.1122561576381828, 0.0, 0.0, 0.0, 1.0], "fov": 75.0, "aspect": 1.7777777777777777}, {"camera_to_world": [0.9208454914320066, -0.010736946988716245, -0.3897798081977925, -0.8565994254848853, -0.383871157804837, 0.15053733052721097, -0.9110331752045672, 0.08962829846647109, 0.06845812672663731, 0.9885460181939448, 0.13450001783634433, 0.11424188536758598, 0.0, 0.0, 0.0, 1.0], "fov": 75.0, "aspect": 1.7777777777777777}, {"camera_to_world": [0.9183190945929655, -0.008858666216822908, -0.39574179023552114, -0.8617944973751912, -0.3898829245604381, 0.152562766113092, -0.9081387050071822, 0.10143313452059691, 0.06842035985111458, 0.9882540798948319, 0.13664745855325333, 0.11622189399391332, 0.0, 0.0, 0.0, 1.0], "fov": 75.0, "aspect": 1.7777777777777777}, {"camera_to_world": [0.9158777101330406, -0.007044702056147073, -0.4013955558478421, -0.8666787938004479, -0.39558389371891545, 0.15456823132000733, -0.9053297989665353, 0.11299522364696965, 0.06842077982338302, 0.9879570000964341, 0.13877882709122213, 0.118193893606204, 0.0, 0.0, 0.0, 1.0], "fov": 75.0, "aspect": 1.7777777777777777}, {"camera_to_world": [0.9135353362008609, -0.005301603470720201, -0.4067248240678446, -0.8712353092379571, -0.40095698231085897, 0.1565531437770747, -0.9026209677986015, 0.12429021302319927, 0.06845938831562456, 0.987655307369, 0.1408911139046629, 0.12015559429349709, 0.0, 0.0, 0.0, 1.0], "fov": 75.0, "aspect": 1.7777777777777777}, {"camera_to_world": [0.9113060890311213, -0.0036359972750310277, -0.4117134824348335, -0.8754470381650217, -0.40598524324222607, 0.15851699867291036, -0.9000268570444347, 0.13529374982689615, 0.06853608074841014, 0.9873495534285457, 0.14298134486742986, 0.12210470614483185, 0.0, 0.0, 0.0, 1.0], "fov": 75.0, "aspect": 1.7777777777777777}, {"camera_to_world": [0.9092041352990098, -0.0020545839285675827, -0.416345552444193, -0.8792969750589439, -0.4106518332007575, 0.16045935018951363, -0.8975621810357299, 0.14598148123566954, 0.06865065363153539, 0.9870403110418742, 0.14504658608296667, 0.12403893924924718, 0.0, 0.0, 0.0, 1.0], "fov": 75.0, "aspect": 1.7777777777777777}, {"camera_to_world": [0.9072436213189036, -0.0005641334692017552, -0.4206051513350624, -0.8827681143970263, -0.4149399770687017, 0.16237979133679584, -0.8952416538542228, 0.15632905442712963, 0.06880281248893158, 0.9867281718481781, 0.